7706960      200202001     5     100
7706720      200202001     4     80
7706936      200202001     3     75
7706792      200202001     2     80
7707128      200202001     1     96
7706768      200202002     1     40
7707176      200202002     2     60
7706840      200202002     3     80
7706984      200202002     4     90
7710296      200202002     5     40
7709984      200202003     1     20
7710272      200202003     2     70
7709768      200202003     3     90
7709960      200202003     4     100
7709936      200202003     5     100
7710128      200202004     1     80
7709696      200202004     2     60
7709912      200202004     3     75
7709648      200202004     4     70
7709864      200202004     5     80
7710008      200202005     1     100
7709792      200202005     2     40
7709816      200202005     3     65
7709672      200202005     4     70
7710032      200202005     5     90
7710152      200202006     1     10
7709552      200202006     2     20
7710056      200202006     3     30
7710080      200202006     4     40
7709576      200202006     5     50
7710104      200202007     1     100
7709600      200202007     2     100
7709888      200202007     3     100
7709624      200202007     4     100
7709720      200202007     5     100
7709744      200202008     1     65
7710176      200202008     2     75
7709840      200202008     3     90
7710200      200202008     4     80
7710224      200202008     5     100
7710248      200202009     1     20
7711064      200202009     2     80
7710728      200202009     3     60
7710656      200202009     4     70
7710608      200202009     5     80
7710560      200202010     1     80
7710920      200202010     2     90
7710824      200202010     3     90
7710512      200202010     4     80
7710800      200202010     5     75
